image: map.pgm
resolution: 0.020000
origin: [-3.3, -10, 0.000000]
negate: 0
occupied_thresh: 0.65
free_thresh: 0.196

# map analyzer parameters
map_polygon: [[5.21, 5.12],[5.26, 7.30],[7.82, 9.58],[14.50, 2.38],[11.61, -0.45],[8.03, -3.73],[5.52, -6.01],[2.09, -2.37],[1.09, -1.27],[1.21, 2.52],[2.22, 2.46],[3.65, 1.02],[6.58, 3.69]]
map_bounding_box: [[7.82, 9.58],[14.50, 2.38],[5.52, -6.01],[-1.24, 1.32]]
rooms: ['bedroom','kitchen','living_room','balcony','corridor','entrance']
# room polygon specification
# (room name is put above the first point)
bedroom     : [[5.52, -6.01], [2.09, -2.37],[4.61, -0.06],[8.03, -3.73]]
kitchen     : [[11.61, -0.45],[8.03, -3.73],[4.61, -0.06],[7.66, 2.79],[6.58, 3.68]]
living_room : [[14.50, 2.38],[11.61, -0.45],[6.58, 3.68],[10.25, 7.04]]
balcony     : [[10.25, 7.04],[6.58, 3.68],[5.21, 5.12],[5.26, 7.30],[7.82, 9.58]]
corridor    : [[7.66, 2.79],[2.09, -2.37],[1.09, -1.27],[6.58, 3.69]]
entrance    : [[1.09, -1.27],[1.21, 2.52],[2.22, 2.46],[3.65, 1.02]]
