image: map.pgm
resolution: 0.02
origin: [ -3.0, -6.0, 0.0]
negate: 0
occupied_thresh: 0.65
free_thresh: 0.196

# map analyzer parameters
map_polygon: [[5.767516613006592, 4.893786430358887],[2.772044658660889, 4.88212776184082],[0.8755984306335449, 4.483994960784912],[0.9237115383148193, 2.546937704086304], [-1.352216482162476, 2.634080410003662], [-1.512651681900024, -1.59086549282074], [2.810959815979004, -1.829934477806091], [3.159930229187012, -3.399252414703369],[5.232549667358398, -2.889159440994263],[6.29503345489502, 0.3794231414794922]]
map_bounding_box: [[-1.696961402893066, -3.73003363609314],[-1.402694702148438, 4.560024738311768],[6.379919052124023, 5.097108840942383], [6.252679347991943, -3.457778692245483]]
rooms: ["living_room", "kitchen", "dining_room", "bedroom"]
# room polygon specification
# (room name is put above the first point)
living_room: [[5.767516613006592, 4.893786430358887],[2.772044658660889, 4.88212776184082],[3.026732206344604, 0.4935797452926636],[6.29503345489502, 0.3794231414794922]]
kitchen: [[0.8755984306335449, 4.483994960784912],[0.9237115383148193, 2.546937704086304],[1.967209577560425, 2.509474754333496],[2.048981189727783, 0.5449895858764648],[3.026732206344604, 0.4935797452926636],[2.772044658660889, 4.88212776184082]]
dining_room: [[-1.512651681900024, -1.59086549282074], [2.810959815979004, -1.829934477806091],[3.026732206344604, 0.4935797452926636], [2.048981189727783, 0.5449895858764648], [1.967209577560425, 2.509474754333496],[0.9237115383148193, 2.546937704086304],[-1.352216482162476, 2.634080410003662]]
bedroom: [[5.232549667358398, -2.889159440994263], [3.159930229187012, -3.399252414703369], [2.810959815979004, -1.829934477806091],[3.026732206344604, 0.4935797452926636],[6.29503345489502, 0.3794231414794922]]