image: map.pgm
resolution: 0.02
origin: [ -3.0, -6.0, 0.0]
negate: 0
occupied_thresh: 0.65
free_thresh: 0.196

# map analyzer parameters
map_polygon: [ [6.29503345489502, 0.3794231414794922],[6.018500328063965, 3.967604160308838],[2.772044658660889, 4.88212776184082],[0.8755984306335449, 4.483994960784912],[0.9237115383148193, 2.546937704086304], [-1.352216482162476, 2.634080410003662], [-1.512651681900024, -1.59086549282074], [2.877077579498291, -1.537593245506287],[3.509704113006592, -4.684321403503418], [7.603728294372559, -4.546170234680176], [7.674570083618164, -2.523911476135254] ]
map_bounding_box: [[-1.743597030639648, -4.561046123504639],[-1.402694702148438, 4.560024738311768],[7.863206386566162, 3.979568481445312],[7.603728294372559, -4.546170234680176] ]
rooms: ["living_room", "kitchen", "dining_room", "bedroom"]
# room polygon specification
# (room name is put above the first point)
living_room: [[3.026732206344604, 0.4935797452926636],[6.29503345489502, 0.3794231414794922], [6.018500328063965, 3.967604160308838],[2.772044658660889, 4.88212776184082]]
kitchen: [[3.026732206344604, 0.4935797452926636],[2.772044658660889, 4.88212776184082],[0.8755984306335449, 4.483994960784912],[0.9237115383148193, 2.546937704086304],[1.967209577560425, 2.509474754333496],[2.048981189727783, 0.5449895858764648]]
dining_room: [[3.026732206344604, 0.4935797452926636], [2.048981189727783, 0.5449895858764648], [1.967209577560425, 2.509474754333496],[0.9237115383148193, 2.546937704086304],[-1.352216482162476, 2.634080410003662],[-1.512651681900024, -1.59086549282074], [2.877077579498291, -1.537593245506287]]
bedroom: [[3.026732206344604, 0.4935797452926636], [6.29503345489502, 0.3794231414794922], [7.674570083618164, -2.523911476135254], [7.603728294372559, -4.546170234680176], [3.509704113006592, -4.684321403503418],[2.877077579498291, -1.537593245506287]]

